1784875950433 0.07557660894434069 0
1784875962124 0.01608877787230226 1
1784875973998 0.013379718014423067 2
1784875985507 0.011298393910019494 3
1784875995866 0.011506205427804984 4
1784876007690 0.009890938109521272 5
1784876019394 0.009636992088049348 6
1784876031294 0.009104665852595997 7
1784876041936 0.008551024689797335 8
1784876053334 0.00837506376353851 9
1784876065717 0.007911854902501504 10
1784876080633 0.008397030034721325 11
1784876092314 0.007816898854877885 12
1784876102660 0.007465541217352567 13
1784876114326 0.007056002985156133 14
1784876126402 0.007513466588632263 15
1784876138164 0.006667729606032124 16
1784876149187 0.007244490783156889 17
1784876160202 0.00666846294960315 18
1784876172099 0.007130039098900301 19
1784876183932 0.006561472459694001 20
1784876195802 0.006902149248757434 21
1784876206173 0.00760432024676957 22
1784876218096 0.0065147958311928735 23
1784876230095 0.006524892880328288 24
1784876241926 0.00679582951861518 25
1784876252980 0.0070161455507800115 26
1784876264203 0.006456542840567287 27
1784876276666 0.006242581377348601 28
1784876290710 0.006243772597081274 29
1784876302942 0.005942988144532107 30
1784876314575 0.006393945539992692 31
1784876325516 0.005565147595100344 32
1784876337564 0.007584776486611522 33
1784876349684 0.005951763106889728 34
1784876361634 0.006570338943125789 35
1784876372660 0.005886543435718427 36
1784876384025 0.006615769591093901 37
1784876396424 0.005876842554937257 38
1784876408893 0.005578816122496225 39
