1784882688455 0.3490455130898879 0
1784882694573 0.20320482551381677 1
1784882702208 0.20484611258169902 2
1784882708399 0.14570256608147308 3
1784882716293 0.1381886924983623 4
1784882722477 0.14012423065268054 5
1784882730197 0.12915452107816014 6
1784882736249 0.1277588812599225 7
1784882743641 0.11788938172162673 8
1784882749935 0.11342792326391012 9
1784882757513 0.11159070737902377 10
1784882764083 0.10993523763861127 11
1784882770861 0.11393295803705719 12
1784882777757 0.10184470039765223 13
1784882784174 0.10596708016696883 14
1784882791474 0.09930461531908319 15
1784882797398 0.1023336509994635 16
1784882804987 0.10336519372951457 17
1784882811106 0.10199407913349379 18
1784882818721 0.10899332144900707 19
1784882824898 0.10345176316108148 20
1784882832582 0.09928170203908827 21
1784882838691 0.10789413746625016 22
1784882846384 0.10663822175760303 23
1784882852716 0.10312389202304453 24
1784882860349 0.09727494842916401 25
1784882866639 0.09706127610956576 26
1784882873932 0.09877421491967117 27
1784882880525 0.08958511640323644 28
1784882887612 0.09813110576594669 29
1784882894460 0.1021364907933876 30
1784882900935 0.0897984016008888 31
1784882908395 0.08796447076226548 32
1784882914524 0.09405648009188229 33
1784882921968 0.09640219570497308 34
1784882928011 0.08681046441462954 35
1784882935615 0.09275951348665727 36
1784882941599 0.10613293777549934 37
1784882949158 0.0903835655797635 38
1784882955188 0.07925312262114426 39
1784882962620 0.09432303766499307 40
1784882968689 0.09129645634096444 41
1784882975853 0.09511685792155788 42
1784882982311 0.09012374477553213 43
1784882988973 0.0941517368773318 44
1784882996025 0.08077421666165206 45
1784883002207 0.09300270474495578 46
1784883009526 0.0903322954811147 47
1784883015532 0.09730375419260737 48
1784883023053 0.08811737851533959 49
1784883029446 0.09041298535726218 50
1784883037159 0.09365502096589085 51
1784883043236 0.0911175534324447 52
1784883050794 0.09475187609272635 53
1784883056871 0.08851298448473696 54
1784883064511 0.08196572412395219 55
1784883070607 0.0843287441202475 56
1784883077736 0.0885235034691399 57
1784883084251 0.08675088135050862 58
1784883090988 0.09825298499765862 59
