1784881846605 0.32466949042396204 0
1784881854343 0.19776341227861752 1
1784881860496 0.16401561225534236 2
1784881868174 0.14618239776779637 3
1784881874360 0.13330455235773264 4
1784881881972 0.13603486751203026 5
1784881888018 0.1316078048595057 6
1784881894991 0.11280627276417363 7
1784881901546 0.11313091204184406 8
1784881908040 0.11859393484604908 9
1784881915315 0.10104389727207025 10
1784881921278 0.12399750718782718 11
1784881928734 0.10110199973906764 12
1784881934740 0.10762574375445907 13
1784881942312 0.10299077657341009 14
1784881948494 0.10114238696111134 15
1784881956105 0.09705427409304698 16
1784881962142 0.10381654179752173 17
1784881969698 0.0870239553881877 18
1784881975757 0.09879997153956879 19
1784881982855 0.10875808534355218 20
1784881989380 0.10438316207941771 21
1784881996131 0.08881599400780894 22
1784882003109 0.08820539263539588 23
1784882009529 0.09570427870981686 24
1784882016829 0.1087098953210854 25
1784882022726 0.09473703069670186 26
1784882030264 0.09386903939971357 27
1784882036228 0.09254894759148714 28
1784882043692 0.09891238559104955 29
1784882050512 0.10733762535933417 30
1784882058136 0.09511308239917632 31
1784882064052 0.10105283960730625 32
1784882071634 0.09185950015899932 33
1784882077571 0.08154551873018359 34
1784882084478 0.0885752200095104 35
1784882091025 0.11440989603056116 36
1784882097549 0.10289509061370458 37
1784882104666 0.08696280096376782 38
1784882110787 0.09363840233821329 39
1784882118377 0.08858870565244399 40
1784882124354 0.10614831244833783 41
1784882131993 0.09694275410063688 42
1784882137905 0.09758079096941055 43
1784882145472 0.08970915187056226 44
1784882151599 0.0845394013445795 45
1784882159202 0.09075319199251101 46
1784882165225 0.09538482143196733 47
1784882172916 0.09448297216179424 48
1784882179170 0.0906278851688144 49
1784882186140 0.1012136011356962 50
1784882192946 0.08815092327391016 51
1784882199371 0.0876777592083749 52
1784882206681 0.0994975865878526 53
1784882212831 0.08896435389933513 54
1784882220488 0.09605356936647104 55
1784882226637 0.08436177874186444 56
1784882234440 0.09552387616464232 57
1784882240565 0.08820700040769616 58
1784882248277 0.09560732057437389 59
