1784883102031 0.2850613228584371 0
1784883109610 0.18962408874899525 1
1784883115690 0.1584350001255975 2
1784883123281 0.14292195685462256 3
1784883129319 0.13109738344722976 4
1784883136444 0.12676071163960348 5
1784883142832 0.11465019216500942 6
1784883150203 0.126952745108377 7
1784883156951 0.10456138973266567 8
1784883163209 0.12028535635704495 9
1784883170467 0.11342039421935995 10
1784883176458 0.10674461828028031 11
1784883184076 0.09712152871474448 12
1784883190038 0.10815742414616468 13
1784883197632 0.10006526551737147 14
1784883203645 0.10089301888340536 15
1784883211042 0.09338690148283141 16
1784883217114 0.10514248638035524 17
1784883224398 0.09521271551135069 18
1784883230702 0.1089982310365138 19
1784883237550 0.0992698154259883 20
1784883244290 0.09419165383049777 21
1784883250509 0.09091873568779359 22
1784883257737 0.09248897201348981 23
1784883263716 0.09597437189396595 24
1784883271140 0.08858315592760019 25
1784883277066 0.08725972922655245 26
1784883284549 0.08996421658322389 27
1784883290402 0.08656963649737749 28
1784883297973 0.09081618639969902 29
1784883303992 0.09755498727869427 30
1784883311108 0.08875695376591994 31
1784883317673 0.09154713675712424 32
1784883324460 0.08752128502106066 33
1784883331496 0.08131040911670506 34
1784883337776 0.08718230996888708 35
1784883344858 0.07786250284282721 36
1784883350785 0.0884483795042351 37
1784883358379 0.08546548397898165 38
1784883364302 0.09028692027430855 39
1784883371845 0.08361078430327051 40
1784883377830 0.09746725451749541 41
1784883385260 0.08724717905000545 42
1784883391185 0.09047288390322326 43
1784883398229 0.08402377313081622 44
1784883404649 0.08379410036105123 45
1784883411083 0.07427029410813447 46
1784883418167 0.08992855271547849 47
1784883424048 0.09092688011225945 48
1784883431538 0.09055235150877658 49
1784883437413 0.10156287302312195 50
1784883444938 0.08962300138010047 51
1784883450994 0.0855444288001985 52
1784883458525 0.0910178408814548 53
1784883464485 0.0858571884000932 54
1784883471795 0.08315835693015676 55
1784883478086 0.08124309106022526 56
1784883484898 0.08704170849031874 57
1784883491731 0.08097574752353505 58
1784883497991 0.0982417881905625 59
