1784876910283 0.07694164997280244 0
1784876921299 0.01491544630251083 1
1784876933425 0.013250939341310936 2
1784876945414 0.011309230584234553 3
1784876957409 0.010754165460478294 4
1784876968569 0.009502019996673043 5
1784876980012 0.009727804561054513 6
1784876991913 0.009344431818301175 7
1784877003924 0.008894468713643605 8
1784877015887 0.008143280739347464 9
1784877026478 0.00882616844165234 10
1784877038058 0.00794879798543977 11
1784877049931 0.008054068134382074 12
1784877061775 0.007475778739937585 13
1784877072871 0.0077374859024076 14
1784877084126 0.007667144560000802 15
1784877096293 0.007029111253976181 16
1784877108571 0.007254267700924515 17
1784877120854 0.0076408720226878845 18
1784877132493 0.007562918613562092 19
1784877143566 0.00825463093399002 20
1784877155516 0.006967549580764598 21
1784877167560 0.006716947479131155 22
1784877179574 0.0072128794333810795 23
1784877190161 0.007186986617589785 24
1784877201865 0.00647232277214567 25
1784877213857 0.006249486657108253 26
1784877226058 0.0076618050259716795 27
1784877237869 0.006511527220231934 28
1784877248769 0.0072660150363507365 29
1784877261254 0.006310036380515499 30
1784877273197 0.006262596787877158 31
1784877285164 0.006276820784657921 32
1784877296872 0.006260093332559446 33
1784877307873 0.006228162768253447 34
1784877319829 0.0061027444090819795 35
1784877331861 0.006027188456497576 36
1784877343864 0.006658535191735842 37
1784877354687 0.006136712441988101 38
1784877366278 0.005831654663997377 39
