1784882260452 0.33670737333090717 0
1784882266749 0.19512774680320685 1
1784882273811 0.15487137184534677 2
1784882280575 0.14111285998127418 3
1784882287368 0.13967753633366226 4
1784882295663 0.12198341026024687 5
1784882302484 0.12346221482813487 6
1784882309656 0.11559238384501826 7
1784882315820 0.10910259744278511 8
1784882323270 0.11535145934395859 9
1784882329421 0.10851057398358688 10
1784882337236 0.11014678457163692 11
1784882343341 0.10560012070369675 12
1784882351002 0.09853327861766019 13
1784882357189 0.11369074378694964 14
1784882365093 0.11198585008956462 15
1784882371356 0.09949575695488376 16
1784882379201 0.09888950106641932 17
1784882385386 0.10388077366908213 18
1784882393364 0.0978603849833075 19
1784882399715 0.10351407430838898 20
1784882407396 0.0993541662661019 21
1784882413353 0.09534719513367045 22
1784882420330 0.10007887717483542 23
1784882427052 0.09318175579793156 24
1784882434592 0.0993654761281038 25
1784882450952 0.10109097684184633 26
1784882458258 0.09042112996214567 27
1784882465060 0.100938180975736 28
1784882472152 0.09671353090634703 29
1784882478431 0.09358137369664328 30
1784882486000 0.09074754751884608 31
1784882492538 0.10140294359572283 32
1784882500281 0.08408223599404459 33
1784882506274 0.10864788218346622 34
1784882513951 0.09430096776810841 35
1784882519994 0.10793647735367692 36
1784882527616 0.08769845368183674 37
1784882533662 0.09438930882776615 38
1784882541230 0.10272785831478315 39
1784882547405 0.09183567921455467 40
1784882554990 0.09846167631052422 41
1784882560969 0.0918131774364079 42
1784882567970 0.08974386638681955 43
1784882574608 0.10222510585645446 44
1784882581343 0.09626501434392992 45
1784882588281 0.1006297042215071 46
1784882594273 0.08399500113891477 47
1784882601597 0.08870230415149467 48
1784882607632 0.09227410081087434 49
1784882615431 0.0867838897582234 50
1784882621412 0.08580392193664144 51
1784882628946 0.10210292455514515 52
1784882635046 0.09062024803033773 53
1784882642577 0.08429025996952903 54
1784882648714 0.08985583529065777 55
1784882655980 0.09214671948967841 56
1784882662304 0.08396219161182897 57
1784882669130 0.10122919302368935 58
1784882676009 0.09721901821736646 59
