1784876426428 0.07256209356835977 0
1784876438896 0.0167553023108799 1
1784876451420 0.012745098195584073 2
1784876463501 0.011991173687500033 3
1784876475005 0.010412797275861547 4
1784876487582 0.010047561585601673 5
1784876500173 0.009419521997092376 6
1784876512494 0.009078095746856293 7
1784876524871 0.008860261850833929 8
1784876536506 0.009099940391324038 9
1784876548410 0.008593372443574757 10
1784876560837 0.007900029226147397 11
1784876573242 0.008215186769773255 12
1784876585597 0.007715588017658118 13
1784876597254 0.007070883524727441 14
1784876608592 0.007903313374230052 15
1784876620938 0.007596661549776393 16
1784876633482 0.007041336727321068 17
1784876646043 0.006724912258919401 18
1784876658023 0.0075062956609211326 19
1784876669389 0.006822830698684536 20
1784876681575 0.0069086742812517945 21
1784876694022 0.0063488489702678225 22
1784876706285 0.007282450674059218 23
1784876718452 0.007216620121674122 24
1784876729455 0.006609459919111525 25
1784876741250 0.007330769222550069 26
1784876753431 0.006027993780389973 27
1784876765481 0.0066880415223657475 28
1784876777104 0.0060935753340815 29
1784876787786 0.0062470324437174105 30
1784876799594 0.005973749728668947 31
1784876811763 0.006428554209130876 32
1784876823862 0.006627785431153845 33
1784876835220 0.006490476671659587 34
1784876846397 0.005739140680908883 35
1784876858479 0.006955239960865015 36
1784876870341 0.006107680301393593 37
1784876882442 0.005773051899109377 38
1784876893415 0.006125880502764241 39
