1784875484873 0.07712903270958966 0
1784875497607 0.01454236080466886 1
1784875511307 0.012273608729051411 2
1784875522237 0.011784415725574135 3
1784875533388 0.010517913903098763 4
1784875545220 0.009663208529111698 5
1784875557045 0.010100263680317363 6
1784875568304 0.009107677253396668 7
1784875578953 0.007874711205255179 8
1784875590759 0.008592747837581174 9
1784875602454 0.008420016311148722 10
1784875614363 0.007832433114341597 11
1784875625301 0.008226561711698362 12
1784875636719 0.007538254598557821 13
1784875648586 0.007755183090271847 14
1784875660384 0.007748896436873743 15
1784875671160 0.0072314080445696665 16
1784875682237 0.007342634829446826 17
1784875694572 0.0074563340060521364 18
1784875706396 0.007244849071611375 19
1784875718971 0.006868546929983622 20
1784875729266 0.006607339452105822 21
1784875740824 0.006607353824367988 22
1784875752570 0.006558552925008305 23
1784875764380 0.006589833164771701 24
1784875775076 0.006740023236120841 25
1784875786635 0.006342529301446931 26
1784875798408 0.006519070074377319 27
1784875810015 0.0068536016354606025 28
1784875821079 0.006638589452827895 29
1784875831807 0.006060068819460576 30
1784875843495 0.006812050438382568 31
1784875855190 0.007159113793426254 32
1784875866648 0.005938221071876841 33
1784875876961 0.006317124212399796 34
1784875888817 0.0064036845141551635 35
1784875900722 0.006303712452587453 36
1784875912479 0.0064382179339967805 37
1784875922889 0.006851981415701903 38
1784875934270 0.006415545048051323 39
